{
 "cells": [
  {
   "cell_type": "code",
   "execution_count": 81,
   "metadata": {
    "collapsed": true
   },
   "outputs": [],
   "source": [
    "from numpy import array,identity,diagonal\n",
    "import numpy as np\n",
    "from math import sqrt\n",
    "import math\n",
    "\n",
    "def jacobi(a,tol = 1.0e-9): # Jacobi method\n",
    " \n",
    "    def maxElem(a): # Find largest off-diag. element a[k,l]\n",
    "        n = len(a)\n",
    "        aMax = 0.0\n",
    "        for i in range(n-1):\n",
    "            for j in range(i+1,n):\n",
    "                if abs(a[i,j]) >= aMax:\n",
    "                    aMax = abs(a[i,j])\n",
    "                    k = i; l = j\n",
    "        return aMax,k,l\n",
    " \n",
    "    def rotate(a,p,k,l): # Rotate to make a[k,l] = 0\n",
    "        \n",
    "        n = len(a)\n",
    "        aDiff = a[l,l] - a[k,k]\n",
    "        if abs(a[k,l]) < abs(aDiff)*1.0e-36: t = a[k,l]/aDiff\n",
    "        else:\n",
    "            phi = aDiff/(2.0*a[k,l])\n",
    "            t = 1.0/(abs(phi) + sqrt(phi**2 + 1.0))\n",
    "            if phi < 0.0: t = -t\n",
    "        c = 1.0/sqrt(t**2 + 1.0); s = t*c\n",
    "        tau = s/(1.0 + c)\n",
    "        temp = a[k,l]\n",
    "        a[k,l] = 0.0\n",
    "        a[k,k] = a[k,k] - t*temp\n",
    "        a[l,l] = a[l,l] + t*temp\n",
    "        for i in range(k):      # Case of i < k\n",
    "            temp = a[i,k]\n",
    "            a[i,k] = temp - s*(a[i,l] + tau*temp)\n",
    "            a[i,l] = a[i,l] + s*(temp - tau*a[i,l])\n",
    "        for i in range(k+1,l):  # Case of k < i < l\n",
    "            temp = a[k,i]\n",
    "            a[k,i] = temp - s*(a[i,l] + tau*a[k,i])\n",
    "            a[i,l] = a[i,l] + s*(temp - tau*a[i,l])\n",
    "        for i in range(l+1,n):  # Case of i > l\n",
    "            temp = a[k,i]\n",
    "            a[k,i] = temp - s*(a[l,i] + tau*temp)\n",
    "            a[l,i] = a[l,i] + s*(temp - tau*a[l,i])\n",
    "        for i in range(n):      # Update transformation matrix\n",
    "            temp = p[i,k]\n",
    "            p[i,k] = temp - s*(p[i,l] + tau*p[i,k])\n",
    "            p[i,l] = p[i,l] + s*(temp - tau*p[i,l])\n",
    "        print(\"=\" * 10)\n",
    "        print(p)\n",
    "        print(\"=\" * 10)\n",
    " \n",
    "    n = len(a)\n",
    "    maxRot = 5*(n**2)       # Set limit on number of rotations\n",
    "    p = identity(n)*1.0     # Initialize transformation matrix\n",
    "    \n",
    "    for i in range(maxRot): # Jacobi rotation loop \n",
    "        aMax,k,l = maxElem(a)\n",
    "        if aMax < tol: return diagonal(a),p\n",
    "        rotate(a,p,k,l)\n",
    "    print('Jacobi method did not converge')"
   ]
  },
  {
   "cell_type": "code",
   "execution_count": 94,
   "metadata": {
    "collapsed": false
   },
   "outputs": [],
   "source": [
    "a = np.array([[6.81, 1.04, 1.03, 1.165], \n",
    "              [1.04, 3.61, 1.3, 0.16],\n",
    "              [1.03, 1.3, 5.99, 2.1],\n",
    "              [1.165, 0.16, 2.1, 5.55]])"
   ]
  },
  {
   "cell_type": "code",
   "execution_count": 87,
   "metadata": {
    "collapsed": false
   },
   "outputs": [
    {
     "name": "stdout",
     "output_type": "stream",
     "text": [
      "==========\n",
      "[[ 1.          0.          0.          0.        ]\n",
      " [ 0.          1.          0.          0.        ]\n",
      " [ 0.          0.          0.74303153 -0.66925641]\n",
      " [ 0.          0.          0.66925641  0.74303153]]\n",
      "==========\n",
      "==========\n",
      "[[ 0.81474593  0.          0.57981814  0.        ]\n",
      " [ 0.          1.          0.          0.        ]\n",
      " [-0.43082316  0.          0.60538191 -0.66925641]\n",
      " [-0.38804701  0.          0.54527393  0.74303153]]\n",
      "==========\n",
      "==========\n",
      "[[ 0.81474593 -0.14426587  0.56158386  0.        ]\n",
      " [ 0.          0.96855173  0.24881228  0.        ]\n",
      " [-0.43082316 -0.15062645  0.5863437  -0.66925641]\n",
      " [-0.38804701 -0.13567085  0.52812601  0.74303153]]\n",
      "==========\n",
      "==========\n",
      "[[ 0.81474593 -0.11511408  0.56158386  0.08695626]\n",
      " [ 0.          0.77283655  0.24881228 -0.58379458]\n",
      " [-0.43082316 -0.5235837   0.5863437  -0.44322972]\n",
      " [-0.38804701  0.33960642  0.52812601  0.67466281]]\n",
      "==========\n",
      "==========\n",
      "[[ 0.80209396 -0.18359589  0.56158386  0.08695626]\n",
      " [ 0.06535028  0.77006862  0.24881228 -0.58379458]\n",
      " [-0.47355387 -0.4852785   0.5863437  -0.44322972]\n",
      " [-0.35794043  0.37120298  0.52812601  0.67466281]]\n",
      "==========\n",
      "==========\n",
      "[[ 0.80209396 -0.18359589  0.56034383  0.09461829]\n",
      " [ 0.06535028  0.77006862  0.25676257 -0.58034184]\n",
      " [-0.47355387 -0.4852785   0.59234266 -0.43518006]\n",
      " [-0.35794043  0.37120298  0.51886217  0.68181306]]\n",
      "==========\n",
      "==========\n",
      "[[ 0.80209396 -0.17879331  0.56189466  0.09461829]\n",
      " [ 0.06535028  0.77223799  0.25016232 -0.58034184]\n",
      " [-0.47355387 -0.480191    0.59647436 -0.43518006]\n",
      " [-0.35794043  0.37563021  0.51566612  0.68181306]]\n",
      "==========\n",
      "==========\n",
      "[[ 0.79403147 -0.17879331  0.5732315   0.09461829]\n",
      " [ 0.0617902   0.77223799  0.25106537 -0.58034184]\n",
      " [-0.48197885 -0.480191    0.58968747 -0.43518006]\n",
      " [-0.36522922  0.37563021  0.51052964  0.68181306]]\n",
      "==========\n",
      "==========\n",
      "[[ 0.7929758  -0.17879331  0.5732315   0.10309212]\n",
      " [ 0.06798397  0.77223799  0.25106537 -0.57964891]\n",
      " [-0.47730421 -0.480191    0.58968747 -0.44030215]\n",
      " [-0.37248927  0.37563021  0.51052964  0.67787401]]\n",
      "==========\n",
      "==========\n",
      "[[ 0.7929758  -0.17883508  0.5732315   0.10301964]\n",
      " [ 0.06798397  0.77247286  0.25106537 -0.57933586]\n",
      " [-0.47730421 -0.4800125   0.58968747 -0.44049675]\n",
      " [-0.37248927  0.37535542  0.51052964  0.6780262 ]]\n",
      "==========\n",
      "==========\n",
      "[[ 0.79295067 -0.17894648  0.5732315   0.10301964]\n",
      " [ 0.06809249  0.77246331  0.25106537 -0.57933586]\n",
      " [-0.47737164 -0.47994544  0.58968747 -0.44049675]\n",
      " [-0.37243654  0.37540775  0.51052964  0.6780262 ]]\n",
      "==========\n",
      "==========\n",
      "[[ 0.79295067 -0.17894648  0.57322681  0.10304575]\n",
      " [ 0.06809249  0.77246331  0.25109175 -0.57932443]\n",
      " [-0.47737164 -0.47994544  0.58970752 -0.4404699 ]\n",
      " [-0.37243654  0.37540775  0.51049877  0.67804945]]\n",
      "==========\n",
      "==========\n",
      "[[ 0.79295067 -0.17894702  0.57322664  0.10304575]\n",
      " [ 0.06809249  0.77246307  0.25109248 -0.57932443]\n",
      " [-0.47737164 -0.479946    0.58970707 -0.4404699 ]\n",
      " [-0.37243654  0.37540726  0.51049913  0.67804945]]\n",
      "==========\n",
      "==========\n",
      "[[ 0.79295027 -0.17894702  0.57322719  0.10304575]\n",
      " [ 0.06809231  0.77246307  0.25109253 -0.57932443]\n",
      " [-0.47737204 -0.479946    0.58970674 -0.4404699 ]\n",
      " [-0.37243689  0.37540726  0.51049887  0.67804945]]\n",
      "==========\n",
      "==========\n",
      "[[ 0.79295028 -0.17894702  0.57322719  0.10304565]\n",
      " [ 0.06809224  0.77246307  0.25109253 -0.57932443]\n",
      " [-0.4773721  -0.479946    0.58970674 -0.44046984]\n",
      " [-0.37243681  0.37540726  0.51049887  0.67804949]]\n",
      "==========\n"
     ]
    },
    {
     "data": {
      "text/plain": [
       "(array([ 5.73204313,  2.63911924,  9.36267962,  4.22615802]),\n",
       " array([[ 0.79295028, -0.17894702,  0.57322719,  0.10304565],\n",
       "        [ 0.06809224,  0.77246307,  0.25109253, -0.57932443],\n",
       "        [-0.4773721 , -0.479946  ,  0.58970674, -0.44046984],\n",
       "        [-0.37243681,  0.37540726,  0.51049887,  0.67804949]]))"
      ]
     },
     "execution_count": 87,
     "metadata": {},
     "output_type": "execute_result"
    }
   ],
   "source": [
    "jacobi(a)"
   ]
  },
  {
   "cell_type": "code",
   "execution_count": 146,
   "metadata": {
    "collapsed": true
   },
   "outputs": [],
   "source": [
    "def max_not_diagonal(matrix):\n",
    "    a = np.array(matrix)\n",
    "    i,j = np.indices(a.shape)\n",
    "    a[i >= j] = 0\n",
    "    index = np.unravel_index(np.abs(a).argmax(), a.shape)\n",
    "    return index, a[index]\n",
    "\n",
    "def build_rotate_matrix(a_k, index):\n",
    "    i, j = index\n",
    "    U = np.zeros(a_k.shape)\n",
    "    if abs(a_k[i, i] - a_k[j, j]) < 0.0000001:\n",
    "        print(\"FUCK\" * 10)\n",
    "        phi = math.phi / 4.0\n",
    "    else:\n",
    "        phi = 0.5 * math.atan(2.0 * a_k[i, j] / (a_k[i, i] - a_k[j, j]))\n",
    "    U[i, j] = - math.sin(phi)\n",
    "    U[j, i] = math.sin(phi)\n",
    "    U[i, i] = math.cos(phi)\n",
    "    U[j, j] = math.cos(phi)\n",
    "    for m in range(len(U)):\n",
    "        if m != i and m != j:\n",
    "            U[m, m] = 1\n",
    "    return U\n",
    "    \n",
    "def calc_stop(matrix):\n",
    "    i,j = np.indices(matrix.shape)\n",
    "    return (matrix[i < j] ** 2).sum() ** 0.5\n",
    "\n",
    "def print_not_diagonal(matrix):\n",
    "    i,j = np.indices(matrix.shape)\n",
    "    print(matrix[i < j])"
   ]
  },
  {
   "cell_type": "code",
   "execution_count": 149,
   "metadata": {
    "collapsed": false
   },
   "outputs": [],
   "source": [
    "input_matrix = np.array([[6.81, 1.04, 1.03, 1.165], \n",
    "                   [1.04, 3.61, 1.3, 0.16],\n",
    "                   [1.03, 1.3, 5.99, 2.1],\n",
    "                   [1.165, 0.16, 2.1, 5.55]])\n",
    "\n",
    "max_iteration = 50\n",
    "\n",
    "for number_iteration in range(max_iteration):\n",
    "    if number_iteration == 0:    \n",
    "        Ak = np.array(input_matrix)\n",
    "    index, element = max_not_diagonal(Ak)\n",
    "    U = build_rotate_matrix(Ak, index)        \n",
    "    Ak = np.dot(U.T, Ak).dot(U)\n",
    "    if calc_stop(Ak) < 0.0001:\n",
    "        break\n",
    "else:\n",
    "    print(\"FUCK\" * 100)\n",
    "    "
   ]
  },
  {
   "cell_type": "code",
   "execution_count": 125,
   "metadata": {
    "collapsed": false
   },
   "outputs": [
    {
     "name": "stdout",
     "output_type": "stream",
     "text": [
      "(0, 2) 1.54500619617\n",
      "[[  6.81000000e+00   1.04000000e+00   1.54500620e+00   1.76297628e-01]\n",
      " [  1.04000000e+00   3.61000000e+00   1.07302202e+00  -7.51148291e-01]\n",
      " [  1.54500620e+00   1.07302202e+00   7.88149236e+00   0.00000000e+00]\n",
      " [  1.76297628e-01  -7.51148291e-01   2.22044605e-16   3.65850764e+00]]\n",
      "1.54500619617\n",
      "[[ 0.81474593  0.          0.57981814  0.        ]\n",
      " [ 0.          1.          0.          0.        ]\n",
      " [-0.57981814  0.          0.81474593  0.        ]\n",
      " [ 0.          0.          0.          1.        ]]\n",
      "[[  5.71048837e+00   2.25178131e-01  -8.88178420e-16   1.43637774e-01]\n",
      " [  2.25178131e-01   3.61000000e+00   1.47725118e+00  -7.51148291e-01]\n",
      " [  0.00000000e+00   1.47725118e+00   8.98100400e+00   1.02220563e-01]\n",
      " [  1.43637774e-01  -7.51148291e-01   1.02220563e-01   3.65850764e+00]]\n",
      "-8.881784197e-16\n"
     ]
    }
   ],
   "source": [
    "index1, ele1 = max_not_diagonal(A1)\n",
    "print(index1, ele1)\n",
    "print(A1)\n",
    "print(A1[index1])\n",
    "U1 = build_rotate_matrix(A1, index1)\n",
    "print(U1)\n",
    "\n",
    "A2 = np.dot(U1.T, A1).dot(U1)\n",
    "print(A2)\n",
    "print(A2[index1])"
   ]
  }
 ],
 "metadata": {
  "kernelspec": {
   "display_name": "Python 3",
   "language": "python",
   "name": "python3"
  },
  "language_info": {
   "codemirror_mode": {
    "name": "ipython",
    "version": 3
   },
   "file_extension": ".py",
   "mimetype": "text/x-python",
   "name": "python",
   "nbconvert_exporter": "python",
   "pygments_lexer": "ipython3",
   "version": "3.4.3"
  }
 },
 "nbformat": 4,
 "nbformat_minor": 0
}
